toe_tol: 0.012377326888317
heel_tol: 0.057446095853934
zone:  0.708130268304501

s0_med_gas: 0.134930323741739
s0_soleus:  0.260699686886255
s0_tib_ant: 0.062229426282270
w_for_med_gas: 0.541128848393047
w_for_soleus:  2.996071218185513
w_for_tib_ant: -2.229533339941613
w_len_med_gas: -0.452701902103557
w_len_soleus:  0.571899084660020
w_len_tib_ant: -0.376225918645780
l_off_med_gas: 0.861182137543619
l_off_soleus:  0.977743249361753
l_off_tib_ant: 1.092176712988993

s0_bifemsh: 0.113630203453858
s0_vas_int: 0.260086442346925
w_for_bifemsh: 0.494522691303789
w_for_vas_int: -0.454338978085277
w_len_bifemsh: 1.323790950572890
w_len_vas_int: 0.426649646137321
l_off_bifemsh: 0.763194938203012
l_off_vas_int: 0.391740797187937

s0_glut_max: 0.140710965533890
s0_psoas:  0.247151175586896
s0_bifemlh: 0.258193004802582
s0_rec_fem: 0.093207278444353
w_for_glut_max:  1.770001072341170
w_for_psoas:  2.017083961873791
w_for_bifemlh: 1.055262351165538
w_for_rec_fem: 0.488846741106269
w_len_glut_max:  0.058779272069136
w_len_psoas:  1.443518176607739
w_len_bifemlh: -2.134504957419059
w_len_rec_fem: -1.071016183299667
l_off_glut_max:  0.941713963383485
l_off_psoas:  1.022467032781221
l_off_bifemlh: 0.666563805288743
l_off_rec_fem: 0.643146772285526
