toe_tol:      0.024564092144765
heel_tol:     0.064181074292101
zone:         0.446649041282432

s0_med_gas:      0.117673476995173
s0_soleus:       0.353355840995720
s0_tib_ant:      0.116385591066590
w_for_med_gas:1.470029117439860
w_for_soleus: 2.645802233183206
w_for_tib_ant:-1.985924947964224
w_len_med_gas:-2.563461180985504
w_len_soleus: -0.362813444151836
w_len_tib_ant:-0.441984237606514
l_off_med_gas:0.789195412219479
l_off_soleus: 0.908085595264038
l_off_tib_ant:0.835831709203728

s0_bifemsh:      0.018482603948178
s0_vas_int:      0.234260494455630
w_for_bifemsh:0.870775668292127
w_for_vas_int:-0.677374199783046
w_len_bifemsh:0.361650344930217
w_len_vas_int:1.275308827485855
l_off_bifemsh:1.040489211348501
l_off_vas_int:0.734870750315815

s0_glut_max:     0.048194710621622
s0_psoas:        0.185320237811867
s0_bifemlh:      0.279020192364265
s0_rec_fem:      0.064449378995466
w_for_glut_max: 1.570459434985164
w_for_psoas:  1.561490183310344
w_for_bifemlh:0.440801907849273
w_for_rec_fem:2.407423134455722
w_len_glut_max: -0.992397955815119
w_len_psoas:  -1.477254043310933
w_len_bifemlh:-0.469437732835613
w_len_rec_fem:-1.856364587725922
l_off_glut_max: 0.884794642983788
l_off_psoas:  1.000065110949305
l_off_bifemlh:0.620140106818369
l_off_rec_fem:0.676759314608103
