toe_tol:        0.018155193350730
heel_tol:       0.059871034389712
zone:           0.538709702918438

s0_med_gas:        0.168907922250313
s0_soleus:         0.208833393866023
s0_tib_ant:        0.045056309041695
w_for_med_gas:  0.616163491931133
w_for_soleus:   2.713678674334929
w_for_tib_ant: -2.902458486612454

s0_bifemsh:        0.116779469376213
s0_vas_int:        0.304833795467730
w_for_bifemsh:  0.961737313996982
w_for_vas_int:  0.062157682314805

s0_glut_max:       0.140693992375009
s0_psoas:          0.206257345741160
s0_bifemlh:        0.299871413550841
s0_rec_fem:        0.168313906185271
w_for_glut_max: 2.764965566150441
w_for_psoas:    0.612000338245500
w_for_bifemlh:  0.225524731966676
w_for_rec_fem:  0.998410084043862
