toe_tol:       0.026562507984969
heel_tol:      0.065974319987098
zone:          0.669568773422798

s0_med_gas:       0.066532783946097
s0_soleus:        0.331815032020345
s0_tib_ant:       0.007594925010089
w_len_med_gas: -1.265395568643863
w_len_soleus:  2.293215572622336
w_len_tib_ant: -0.765535209687017
l_off_med_gas: 0.857507149812711
l_off_soleus:  0.496855090835102
l_off_tib_ant: 0.702449232384604

s0_bifemsh:       0.156967959473265
s0_vas_int:       0.244585228544272
w_len_bifemsh: 0.445550174724555
w_len_vas_int: -0.084840724301885
l_off_bifemsh: 0.264440076830383
l_off_vas_int: 0.577596751564497

s0_glut_max:      0.033685851268638
s0_psoas:         0.198197486870561
s0_bifemlh:       0.324206959736837
s0_rec_fem:       0.198841340433866
w_len_glut_max: -0.890777154790144
w_len_psoas:   0.461968972429718
w_len_bifemlh: -0.558171873958115
w_len_rec_fem: 0.249543874342485
l_off_glut_max: 0.732647479332199
l_off_psoas:   0.521851965268288
l_off_bifemlh: 0.858657216332275
l_off_rec_fem: 0.674243175484106
